TEST
51   31 
50   30 
700   1500 
550.000000    548.061523    546.317932    544.769226    543.415405    542.256409    541.292297    540.523071    539.948730    539.569214    539.384644    539.394897    539.599976    540.000000    540.594849    541.384644    542.369202    543.548706    544.923096    546.492310    548.256409    550.215393    552.369202    554.717957    557.261536    560.000000    558.461548    557.051331    555.769287    554.615417    553.589783    552.692322    551.923096    551.282104    550.769287    550.384644    550.128235    550.000000    550.000000    550.128235    550.384644    550.769287    551.282104    551.923096    552.692322    553.589783    554.615417    555.769287    557.051331    558.461548    560.000000    
 550.666687    554.090271    557.421875    560.661560    563.809265    566.864990    569.828735    572.700500    575.480347    578.168213    580.764099    583.268005    585.679993    588.000000    590.228027    592.364075    594.408203    596.360352    598.220520    599.988708    601.664978    603.249268    604.741577    606.141907    607.450256    608.666748    608.344666    607.909424    607.361084    606.699524    605.924805    605.036926    604.035889    602.921753    601.694397    600.353882    598.900208    597.333313    595.653320    593.860168    591.953857    589.934387    587.801697    585.555908    583.196960    580.724792    578.139526    575.441040    572.629456    569.704651    566.666687    
 551.333313    560.118958    568.525818    576.553833    584.203064    591.473511    598.365112    604.877930    611.011963    616.767151    622.143616    627.141174    631.760010    636.000000    639.861206    643.343567    646.447205    649.171997    651.517944    653.485107    655.073486    656.283081    657.113831    657.565796    657.638977    657.333313    658.227722    658.767517    658.952820    658.783630    658.259888    657.381592    656.148743    654.561401    652.619507    650.323120    647.672180    644.666687    641.306702    637.592163    633.523132    629.099548    624.321411    619.188782    613.701599    607.859863    601.663635    595.112854    588.207520    580.947693    573.333313    
 552.000000    566.147705    579.629761    592.446167    604.596924    616.082031    626.901550    637.055359    646.543579    655.366150    663.523071    671.014343    677.840027    684.000000    689.494385    694.323059    698.486145    701.983582    704.815369    706.981567    708.482056    709.316895    709.486145    708.989746    707.827698    706.000000    708.110779    709.625610    710.544617    710.867676    710.594849    709.726135    708.261536    706.201050    703.544617    700.292297    696.444092    692.000000    686.960022    681.324097    675.092285    668.264587    660.841003    652.821533    644.206177    634.994873    625.187683    614.784607    603.785645    592.190796    580.000000    
 552.666687    572.176453    590.733704    608.338501    624.990784    640.690613    655.437927    669.232849    682.075195    693.965149    704.902588    714.887512    723.919983    732.000000    739.127502    745.302551    750.525146    754.795227    758.112793    760.477966    761.890625    762.350769    761.858459    760.413696    758.016418    754.666687    757.993835    760.483765    762.136414    762.951782    762.929871    762.070740    760.374329    757.840637    754.469727    750.261475    745.216003    739.333313    732.613281    725.056030    716.661499    707.429688    697.360657    686.454346    674.710754    662.129883    648.711792    634.456421    619.363770    603.433838    586.666687    
 553.333313    578.205139    601.837585    624.230774    645.384583    665.299133    683.974365    701.410217    717.606812    732.564087    746.282043    758.760681    770.000000    780.000000    788.760681    796.282043    802.564087    807.606812    811.410217    813.974365    815.299133    815.384583    814.230713    811.837585    808.205078    803.333313    807.876892    811.341858    813.728210    815.035889    815.264954    814.415405    812.487183    809.480347    805.394897    800.230774    793.988037    786.666687    778.266663    768.788025    758.230774    746.594910    733.880371    720.087219    705.215393    689.264954    672.235901    654.128235    634.941895    614.676941    593.333313    
 554.000000    584.233826    612.941528    640.123108    665.778442    689.907715    712.510742    733.587708    753.138489    771.163086    787.661560    802.633850    816.080017    828.000000    838.393860    847.261536    854.603088    860.418457    864.707703    867.470764    868.707703    868.418457    866.603088    863.261536    858.393860    852.000000    857.760010    862.200012    865.320007    867.119995    867.599976    866.760010    864.599976    861.119995    856.320007    850.200012    842.760010    834.000000    823.919983    812.520020    799.799988    785.760010    770.400024    753.720032    735.720032    716.400024    695.760010    673.799988    650.520020    625.919983    600.000000    
 554.666748    590.262634    624.045532    656.015442    686.172363    714.516296    741.047241    765.765198    788.670166    809.762085    829.041077    846.507080    862.160034    876.000061    888.027039    898.241089    906.642090    913.230103    918.005188    920.967224    922.116272    921.452332    918.975403    914.685486    908.582642    900.666687    907.643066    913.058105    916.911804    919.204102    919.935059    919.104614    916.712830    912.759644    907.245117    900.169189    891.531982    881.333313    869.573303    856.251953    841.369202    824.925110    806.919678    787.352783    766.224609    743.535034    719.284119    693.471802    666.098145    637.163086    606.666687    
 555.333252    596.291199    635.149353    671.907593    706.566101    739.124695    769.583496    797.942505    824.201660    848.360962    870.420471    890.380127    908.239929    923.999939    937.660156    949.220459    958.681030    966.041687    971.302551    974.463562    975.524780    974.486145    971.347717    966.109436    958.771301    949.333374    957.526184    963.916260    968.503601    971.288208    972.270081    971.449219    968.825623    964.399292    958.170227    950.138428    940.303894    928.666626    915.226624    899.983887    882.938416    864.090210    843.439270    820.985596    796.729187    770.670044    742.808167    713.143555    681.676208    648.406128    613.333313    
 555.999939    602.319946    646.253296    687.799927    726.959961    763.733276    798.119934    830.119934    859.733276    886.959961    911.799988    934.253296    954.319946    971.999939    987.293274    1000.199951    1010.719971    1018.853333    1024.599976    1027.959961    1028.933350    1027.520020    1023.719971    1017.533325    1008.959961    997.999939    1007.409180    1014.774353    1020.095337    1023.372253    1024.605103    1023.793823    1020.938416    1016.038940    1009.095337    1000.107666    989.075867    976.000000    960.880005    943.715881    924.507690    903.255371    879.958984    854.618469    827.233826    797.805115    766.332275    732.815369    697.254333    659.649231    620.000000    
 556.666687    608.348755    657.357300    703.692322    747.353882    788.341919    826.656433    862.297424    895.264954    925.558960    953.179504    978.126526    1000.400024    1020.000000    1036.926514    1051.179443    1062.759033    1071.664917    1077.897461    1081.456421    1082.341919    1080.553833    1076.092285    1068.957275    1059.148682    1046.666626    1057.292236    1065.632446    1071.687134    1075.456299    1076.940063    1076.138428    1073.051270    1067.678589    1060.020508    1050.076904    1037.847778    1023.333313    1006.533325    987.447815    966.076904    942.420471    916.478638    888.251282    857.738464    824.940186    789.856384    752.487183    712.832520    670.892334    626.666687    
 557.333313    614.377441    668.461182    719.584595    767.747681    812.950378    855.192810    894.474854    930.796570    964.157959    994.558960    1021.999634    1046.479980    1068.000000    1086.559692    1102.158936    1114.797974    1124.476563    1131.194824    1134.952881    1135.750488    1133.587646    1128.464600    1120.381226    1109.337402    1095.333374    1107.175415    1116.490601    1123.278931    1127.540405    1129.275146    1128.483032    1125.164063    1119.318237    1110.945557    1100.046021    1086.619751    1070.666626    1052.186646    1031.179810    1007.646057    981.585571    952.998230    921.884033    888.243042    852.075134    813.380432    772.158936    728.410583    682.135376    633.333313    
 557.999939    620.406067    679.565063    735.476868    788.141479    837.558960    883.729187    926.652283    966.328186    1002.756897    1035.938477    1065.872803    1092.559937    1116.000000    1136.192749    1153.138428    1166.836914    1177.288208    1184.492310    1188.449219    1189.158936    1186.621582    1180.836914    1171.805176    1159.526123    1143.999878    1157.058350    1167.348633    1174.870728    1179.624512    1181.610229    1180.827637    1177.276855    1170.957886    1161.870728    1150.015381    1135.391724    1118.000000    1097.839966    1074.911743    1049.215332    1020.750732    989.517944    955.516907    918.747681    879.210266    836.904602    791.830750    743.988708    693.378479    640.000000    
 558.666626    626.434814    690.669006    751.369202    808.535339    862.167480    912.265625    958.829712    1001.859802    1041.355835    1077.317993    1109.745972    1138.640015    1164.000000    1185.825928    1204.117920    1218.875854    1230.099854    1237.789673    1241.945679    1242.567505    1239.655396    1233.209229    1223.229004    1209.714844    1192.666626    1206.941528    1218.206787    1226.462524    1231.708740    1233.945313    1233.172363    1229.389771    1222.597656    1212.795898    1199.984619    1184.163818    1165.333374    1143.493408    1118.643799    1090.784668    1059.915894    1026.037598    989.149780    949.252319    906.345337    860.428772    811.502625    759.566895    704.621582    646.666687    
 559.333252    632.463501    701.772888    767.261475    828.929138    886.776001    940.802002    991.007141    1037.391357    1079.954834    1118.697388    1153.619141    1184.719971    1212.000000    1235.459106    1255.097412    1270.914795    1282.911499    1291.087158    1295.442017    1295.976074    1292.689209    1285.581543    1274.652954    1259.903564    1241.333252    1256.824585    1269.064941    1278.054321    1283.792725    1286.280273    1285.516846    1281.502441    1274.237183    1263.720947    1249.953735    1232.935669    1212.666626    1189.146606    1162.375610    1132.353760    1099.080933    1062.557251    1022.782532    979.756897    933.480286    883.952759    831.174316    775.144897    715.864563    653.333313    
 560.000061    638.492371    712.876953    783.153870    849.323120    911.384644    969.338501    1023.184631    1072.923096    1118.553833    1160.076904    1197.492310    1230.800049    1260.000000    1285.092285    1306.076904    1322.953857    1335.723145    1344.384644    1348.938477    1349.384644    1345.723022    1337.953857    1326.076904    1310.092285    1290.000000    1306.707764    1319.923096    1329.646240    1335.876953    1338.615479    1337.861572    1333.615479    1325.876953    1314.646240    1299.923096    1281.707764    1260.000000    1234.800049    1206.107666    1173.923096    1138.246216    1099.076904    1056.415405    1010.261536    960.615417    907.476929    850.846191    790.723083    727.107727    660.000000    
 559.333374    633.899536    704.525146    771.210266    833.954895    892.758972    947.622559    998.545593    1045.528198    1088.570190    1127.671753    1162.832764    1194.053223    1221.333252    1244.672729    1264.071777    1279.530151    1291.048096    1298.625610    1302.262451    1301.958862    1297.714722    1289.530151    1277.405029    1261.339355    1241.333374    1256.882080    1269.179443    1278.225586    1284.020508    1286.564087    1285.856323    1281.897461    1274.687134    1264.225586    1250.512817    1233.548706    1213.333252    1189.866577    1163.148682    1133.179443    1099.958984    1063.487183    1023.764099    980.789734    934.564087    885.087158    832.358948    776.379517    717.148743    654.666687    
 558.666565    629.306580    696.173218    759.266541    818.586548    874.133240    925.906555    973.906555    1018.133240    1058.586548    1095.266602    1128.173218    1157.306519    1182.666504    1204.253174    1222.066528    1236.106567    1246.373291    1252.866577    1255.586548    1254.533203    1249.706543    1241.106567    1228.733276    1212.586548    1192.666748    1207.056396    1218.435913    1226.805176    1232.164063    1234.512817    1233.851318    1230.179443    1223.497437    1213.805176    1201.102539    1185.389771    1166.666626    1144.933350    1120.189697    1092.435913    1061.671753    1027.897461    991.112793    951.317932    908.512817    862.697388    813.871765    762.035889    707.189697    649.333313    
 558.000061    624.713928    687.821594    747.323120    803.218506    855.507751    904.190796    949.267761    990.738525    1028.603149    1062.861572    1093.513916    1120.560059    1144.000000    1163.833862    1180.061523    1192.683105    1201.698486    1207.107666    1208.910767    1207.107666    1201.698486    1192.683105    1180.061523    1163.833862    1144.000122    1157.230835    1167.692383    1175.384644    1180.307739    1182.461548    1181.846191    1178.461548    1172.307739    1163.384644    1151.692383    1137.230835    1120.000000    1100.000000    1077.230835    1051.692383    1023.384644    992.307739    958.461548    921.846191    882.461548    840.307678    795.384644    747.692322    697.230774    644.000000    
 557.333313    620.120972    679.469727    735.379456    787.850220    836.882019    882.474792    924.628662    963.343506    998.619385    1030.456299    1058.854248    1083.813232    1105.333252    1123.414307    1138.056274    1149.259399    1157.023560    1161.348633    1162.234741    1159.682007    1153.690186    1144.259399    1131.389648    1115.080933    1095.333374    1107.405151    1116.948730    1123.964111    1128.451294    1130.410278    1129.840942    1126.743530    1121.117920    1112.964111    1102.281982    1089.071777    1073.333252    1055.066650    1034.271729    1010.948669    985.097412    956.717896    925.810242    892.374329    856.410217    817.917908    776.897461    733.348694    687.271790    638.666687    
 556.666687    615.528198    671.117981    723.435913    772.482056    818.256409    860.758972    899.989746    935.948669    968.635864    998.051270    1024.194824    1047.066650    1066.666626    1082.994873    1096.051270    1105.835815    1112.348633    1115.589722    1115.558960    1112.256348    1105.682007    1095.835815    1082.717896    1066.328125    1046.666504    1057.579346    1066.204956    1072.543457    1076.594727    1078.358887    1077.835815    1075.025513    1069.928101    1062.543457    1052.871704    1040.912720    1026.666626    1010.133240    991.312744    970.205078    946.810181    921.128174    893.158936    862.902527    830.358948    795.528198    758.410217    719.005127    677.312805    633.333313    
 556.000000    610.935364    662.766174    711.492310    757.113831    799.630798    839.043091    875.350769    908.553833    938.652344    965.646179    989.535400    1010.320007    1028.000000    1042.575439    1054.046143    1062.412354    1067.673828    1069.830811    1068.883057    1064.830811    1057.673828    1047.412354    1034.046143    1017.575378    998.000000    1007.753845    1015.461548    1021.123047    1024.738403    1026.307739    1025.830811    1023.307678    1018.738464    1012.123047    1003.461548    992.753845    980.000000    965.200012    948.353821    929.461548    908.523071    885.538452    860.507690    833.430786    804.307678    773.138489    739.923096    704.661560    667.353821    628.000000    
 555.333313    606.342529    654.414307    699.548706    741.745605    781.005127    817.327148    850.711792    881.158936    908.668701    933.240967    954.875854    973.573303    989.333313    1002.155884    1012.041016    1018.988647    1022.998962    1024.071777    1022.207153    1017.405090    1009.665588    998.988647    985.374329    968.822510    949.333313    957.928223    964.717957    969.702576    972.882019    974.256409    973.825623    971.589722    967.548706    961.702576    954.051270    944.594849    933.333313    920.266663    905.394897    888.717957    870.235901    849.948730    827.856384    803.958984    778.256409    750.748718    721.435913    690.317993    657.394897    622.666687    
 554.666748    601.749817    646.062622    687.605164    726.377502    762.379517    795.611328    826.072876    853.764160    878.685181    900.835938    920.216431    936.826660    950.666687    961.736389    970.035889    975.565125    978.324097    978.312805    975.531250    969.979492    961.657410    950.565125    936.702576    920.069702    900.666626    908.102539    913.974365    918.282043    921.025635    922.205078    921.820496    919.871765    916.358948    911.282043    904.640991    896.435852    886.666626    875.333313    862.435852    847.974304    831.948669    814.358948    795.205078    774.487122    752.205078    728.358948    702.948669    675.974365    647.435852    617.333313    
 554.000000    597.156921    637.710754    675.661560    711.009216    743.753845    773.895386    801.433838    826.369263    848.701538    868.430786    885.556946    900.080017    912.000000    921.316895    928.030762    932.141541    933.649231    932.553833    928.855408    922.553833    913.649231    902.141541    888.030762    871.316895    852.000061    858.276978    863.230774    866.861572    869.169250    870.153870    869.815430    868.153870    865.169250    860.861572    855.230774    848.276917    840.000000    830.400024    819.476929    807.230774    793.661560    778.769226    762.553833    745.015381    726.153870    705.969238    684.461548    661.630737    637.476929    612.000000    
 553.333374    592.564148    629.359009    663.717957    695.641052    725.128235    752.179504    776.794922    798.974365    818.717957    836.025635    850.897461    863.333374    873.333374    880.897461    886.025635    888.717957    888.974365    886.794861    882.179504    875.128235    865.641052    853.717957    839.358948    822.564087    803.333374    808.451294    812.487183    815.441040    817.312866    818.102600    817.810303    816.435913    813.979492    810.441040    805.820496    800.117981    793.333374    785.466675    776.517944    766.487183    755.374390    743.179504    729.902588    715.543579    700.102600    683.579529    665.974365    647.287231    627.517944    606.666687    
 552.666748    587.971375    621.007263    651.774414    680.272888    706.502625    730.463623    752.155945    771.579529    788.734375    803.620544    816.237976    826.586670    834.666687    840.477966    844.020508    845.294312    844.299438    841.035889    835.503540    827.702515    817.632813    805.294312    790.687134    773.811279    754.666626    758.625610    761.743591    764.020508    765.456360    766.051270    765.805115    764.717896    762.789734    760.020508    756.410217    751.958923    746.666626    740.533325    733.558960    725.743591    717.087158    707.589722    697.251282    686.071777    674.051270    661.189758    647.487183    632.943604    617.558960    601.333313    
 552.000000    583.378479    612.655396    639.830750    664.904602    687.876892    708.747681    727.516907    744.184570    758.750732    771.215332    781.578430    789.839966    795.999939    800.058411    802.015320    801.870728    799.624573    795.276855    788.827637    780.276855    769.624573    756.870728    742.015320    725.058411    705.999939    708.799927    710.999939    712.599915    713.599915    713.999939    713.799927    712.999939    711.599915    709.599915    706.999939    703.799927    699.999939    695.599915    690.599976    684.999939    678.799927    671.999939    664.599976    656.599976    647.999939    638.799988    629.000000    618.599976    607.599976    596.000000    
 551.333313    578.785645    604.303589    627.887146    649.536377    669.251282    687.031799    702.877930    716.789734    728.767151    738.810242    746.918945    753.093323    757.333313    759.638977    760.010254    758.447144    754.949707    749.517944    742.151794    732.851257    721.616394    708.447144    693.343567    676.305603    657.333313    658.974304    660.256348    661.179443    661.743530    661.948669    661.794861    661.281982    660.410217    659.179443    657.589722    655.640991    653.333313    650.666626    647.640991    644.256409    640.512817    636.410217    631.948669    627.128174    621.948730    616.410217    610.512817    604.256409    597.641052    590.666687    
 550.666687    574.192810    595.951782    615.943604    634.168213    650.625610    665.315857    678.238953    689.394836    698.783569    706.405090    712.259460    716.346619    718.666626    719.219421    718.005066    715.023560    710.274841    703.758911    695.475830    685.425598    673.608154    660.023560    644.671753    627.552795    608.666626    609.148621    609.512756    609.758911    609.887085    609.897339    609.789673    609.564026    609.220459    608.758911    608.179443    607.481995    606.666626    605.733276    604.682007    603.512756    602.225586    600.820435    599.297363    597.656372    595.897400    594.020447    592.025574    589.912781    587.682007    585.333313    
 550.000000    569.599976    587.599976    604.000000    618.799988    632.000000    643.599976    653.599976    661.999939    668.799988    673.999939    677.599976    679.599976    679.999939    678.799927    675.999939    671.599976    665.599915    657.999939    648.799927    637.999939    625.599976    611.599976    595.999939    578.799927    559.999939    559.322998    558.769165    558.338379    558.030701    557.846069    557.784546    557.846069    558.030701    558.338379    558.769165    559.322998    559.999939    560.799927    561.723022    562.769165    563.938354    565.230713    566.646057    568.184570    569.846069    571.630737    573.538391    575.569214    577.723022    580.000000    
 