TEST
51   31 
50   30 
700   1600 
900.000000    906.835938    910.937500    912.695313    912.500000    910.742188    907.812500    904.101563    900.000000    895.898438    892.187500    889.257813    887.500000    887.304688    889.062500    893.164063    900.000000    909.960938    923.437500    940.820313    962.500000    988.867188    1020.312500    1057.226563    1100.000000    0.000000    1100.000000    1057.226563    1020.312500    988.867188    962.500000    940.820313    923.437500    909.960938    900.000000    893.164063    889.062500    887.304688    887.500000    889.257813    892.187500    895.898438    900.000000    904.101563    907.812500    910.742188    912.500000    912.695313    910.937500    906.835938    900.000000    
 900.000000    899.563538    899.598022    900.192322    901.435242    903.415527    906.221985    909.943542    914.668884    920.486877    927.486389    935.756104    945.384949    956.461731    969.075195    983.314148    999.267456    1017.023926    1036.672363    1058.301514    1082.000244    1107.857422    1135.961792    1166.402222    1199.267456    0.000000    1199.267456    1166.641724    1136.354492    1108.325928    1082.476196    1058.725464    1036.993652    1017.200928    999.267456    983.113342    968.658691    955.823608    944.528259    934.692688    926.237000    919.081360    913.145813    908.350525    904.615601    901.861206    900.007324    898.974182    898.681824    899.050415    900.000000    
 900.000000    892.643372    888.734802    888.083740    890.499573    895.791626    903.769409    914.242188    927.019409    941.910461    958.724792    977.271729    997.360657    1018.801025    1041.402222    1064.973511    1089.324463    1114.264404    1139.602661    1165.148804    1190.712036    1216.101807    1241.127563    1265.598633    1289.324463    0.000000    1289.324463    1266.013062    1241.807007    1216.912476    1191.535645    1165.882324    1140.158569    1114.570679    1089.324463    1064.626099    1040.681519    1017.696899    995.878235    975.431519    956.562927    939.478333    924.383972    911.485779    900.989807    893.102173    888.028870    885.975952    887.149475    891.755432    900.000000    
 900.000000    886.089844    878.379578    876.421204    879.766724    887.968018    900.577148    917.146057    937.226746    960.371155    986.131348    1014.059204    1043.706787    1074.625977    1106.368896    1138.487305    1170.533447    1202.059082    1232.616333    1261.757202    1289.033447    1313.997192    1336.200562    1355.195313    1370.533447    0.000000    1370.533447    1355.726685    1337.071899    1315.036865    1290.089600    1262.697754    1233.329224    1202.451904    1170.533447    1138.041748    1105.444702    1073.210083    1041.805664    1011.699402    983.359009    957.252258    933.847107    913.611328    897.012695    884.519104    876.598328    873.718201    876.346558    884.951233    900.000000    
 900.000000    879.917480    868.564270    865.256531    869.310486    880.042236    896.768005    918.804016    945.466370    976.071289    1009.934998    1046.373535    1084.703369    1124.240356    1164.300781    1204.200928    1243.256958    1280.784912    1316.101196    1348.521729    1377.362915    1401.940918    1421.571777    1435.571655    1443.256958    0.000000    1443.256958    1436.168945    1422.551025    1403.109375    1378.550049    1349.578979    1316.902466    1281.226440    1243.256958    1203.700195    1163.262085    1122.648926    1082.566528    1043.721191    1006.818909    972.565735    941.667725    914.830994    892.761658    876.165710    865.749268    862.218384    866.279175    878.637695    900.000000    
 900.000000    874.140442    859.320007    854.640320    859.202942    872.109558    892.461792    919.361206    951.909485    989.208252    1030.359009    1074.463623    1120.623413    1167.940308    1215.515747    1262.451294    1307.848755    1350.809692    1390.435547    1425.828247    1456.089233    1480.320190    1497.622559    1507.098267    1507.848755    0.000000    1507.848755    1507.716797    1498.636841    1481.530273    1457.318481    1426.923096    1391.265381    1351.266846    1307.848755    1261.932739    1214.440063    1166.292236    1118.410767    1071.716919    1027.132080    985.577942    947.975708    915.246887    888.312866    868.095093    855.515015    851.494080    856.953613    872.815125    900.000000    
 900.000000    868.771790    850.675415    844.618835    849.510071    864.256958    887.767578    918.949829    956.711731    999.961182    1047.606201    1098.554688    1151.714722    1205.994141    1260.301025    1313.543213    1364.628784    1412.465576    1455.961670    1494.025024    1525.563599    1549.485229    1564.697998    1570.109863    1564.628784    0.000000    1564.628784    1570.710815    1565.683350    1550.661011    1526.757935    1495.088745    1456.767944    1412.909790    1364.628784    1313.039307    1259.255981    1204.392944    1149.564819    1095.885986    1044.470947    996.434021    952.889709    914.952393    883.736572    860.356567    845.926880    841.562012    848.376221    867.484131    900.000000    
 900.000000    863.824219    842.658386    835.237366    840.295959    856.569153    882.791748    917.698669    960.024719    1008.504822    1061.873901    1118.866821    1178.218262    1238.663452    1298.936890    1357.773804    1413.908813    1466.076904    1513.012939    1553.451782    1586.128296    1609.777344    1623.133911    1624.932739    1613.908813    0.000000    1613.908813    1625.482910    1624.036011    1610.853760    1587.221680    1554.425537    1513.750977    1466.483521    1413.908813    1357.312500    1297.980225    1237.197510    1176.250122    1116.423706    1059.003662    1005.275879    956.525818    914.039124    879.101501    852.998474    837.015747    832.438904    840.553589    862.645386    900.000000    
 900.000000    859.310547    835.296875    826.541016    831.625000    849.130859    877.640625    915.736328    962.000000    1015.013672    1073.359375    1135.619141    1200.375000    1266.208984    1331.703125    1395.439453    1456.000000    1511.966797    1561.921875    1604.447266    1638.125000    1661.537109    1673.265625    1671.892578    1656.000000    0.000000    1656.000000    1672.364258    1674.039063    1662.459961    1639.062500    1605.282227    1562.554688    1512.315430    1456.000000    1395.043945    1330.882813    1264.952148    1198.687500    1133.524414    1070.898438    1012.245117    959.000000    912.598633    874.476563    846.069336    828.812500    824.141602    833.492188    858.299805    900.000000    
 900.000000    855.244873    828.622070    818.580505    823.569275    842.037476    872.434143    913.208252    962.808960    1019.685242    1082.286255    1149.060913    1218.458252    1288.927490    1358.917603    1426.877563    1491.256470    1550.503418    1603.067383    1647.397461    1681.942749    1705.152222    1715.474976    1711.360107    1691.256470    0.000000    1691.256470    1711.732178    1716.085205    1705.880371    1682.682495    1648.056274    1603.566650    1550.778442    1491.256470    1426.565552    1358.270386    1287.935913    1217.126953    1147.408203    1080.344604    1017.500977    960.442078    910.732727    869.937805    839.622070    821.350342    816.687439    827.198242    854.447449    900.000000    
 900.000000    851.647217    822.678162    811.428162    816.232666    835.426880    867.346313    910.326172    962.701965    1022.808960    1088.982544    1159.557983    1232.870728    1307.256104    1381.049561    1452.586304    1520.201782    1582.231323    1637.010254    1682.874023    1718.157837    1741.197266    1750.327393    1743.883789    1720.201782    0.000000    1720.201782    1744.145630    1750.756714    1741.709351    1718.678223    1683.337402    1637.361450    1582.424805    1520.201782    1452.366821    1380.594238    1306.558594    1231.934204    1158.395386    1087.616699    1021.272400    961.036987    908.584778    865.590271    833.727783    814.671753    810.096558    821.676575    851.086243    900.000000    
 900.000000    848.538879    817.512817    805.162048    809.726929    829.447815    862.564941    907.318665    961.949341    1024.697266    1093.802734    1167.506104    1244.047607    1321.667725    1398.606567    1473.104614    1543.402222    1607.739624    1664.357056    1711.494995    1747.393555    1770.293335    1778.434448    1770.057373    1743.402222    0.000000    1743.402222    1770.209106    1778.683472    1770.590454    1747.695313    1711.763672    1664.560669    1607.851807    1543.402222    1472.977417    1398.342529    1321.263184    1243.504395    1166.831787    1093.010620    1023.806091    960.983704    906.308716    861.546509    828.462341    808.821655    804.389771    816.931946    848.213562    900.000000    
 900.000000    845.941345    813.173584    799.859985    804.163940    824.248718    858.277649    904.414001    960.821167    1025.662354    1097.101074    1173.300293    1252.423706    1332.634399    1412.095703    1488.971069    1561.423584    1627.616699    1685.713745    1733.878052    1770.272827    1793.061523    1800.407349    1790.473511    1761.423584    0.000000    1761.423584    1790.527100    1800.494995    1793.166138    1770.379150    1733.972778    1685.785522    1627.656250    1561.423584    1488.926147    1412.002686    1332.491821    1252.232300    1173.062744    1096.821899    1025.348389    960.480896    904.058105    857.918762    823.901489    803.844971    799.587830    812.968872    845.826721    900.000000    
 900.000000    843.875854    809.707886    795.599792    799.655273    819.978088    854.671936    901.840454    959.587402    1026.016479    1099.231445    1177.335938    1258.433716    1340.628418    1422.023804    1500.723633    1574.831543    1642.451294    1701.686523    1750.640991    1787.418335    1810.122437    1816.856812    1805.725342    1774.831543    0.000000    1774.831543    1805.703247    1816.820801    1810.079346    1787.374634    1750.602051    1701.656982    1642.435059    1574.831543    1500.742065    1422.062134    1340.687012    1258.512329    1177.433594    1099.346191    1026.145630    959.727295    901.986755    854.819458    820.120850    799.786438    795.711670    809.792053    843.922974    900.000000    
 900.000000    842.363770    807.163147    792.459045    796.312256    816.783813    851.934448    899.825195    958.516785    1026.070190    1100.546265    1180.005981    1262.510132    1346.119629    1428.895264    1508.898071    1584.188843    1652.828491    1712.877930    1762.397949    1799.449585    1822.093506    1828.390869    1816.402344    1784.188843    0.000000    1784.188843    1816.338867    1828.286743    1821.969360    1799.323364    1762.285645    1712.792725    1652.781616    1584.188843    1508.951294    1429.005737    1346.288696    1262.737305    1180.287964    1100.877563    1026.442871    958.920593    900.247498    852.360352    817.195862    796.690857    792.781982    807.406067    842.499817    900.000000    
 900.000000    841.426270    805.586548    790.514954    794.245789    814.813293    850.251587    898.594971    957.877563    1026.133667    1101.397461    1181.703125    1265.084961    1349.577026    1433.213745    1514.029175    1590.057617    1659.333252    1719.890259    1769.762817    1806.985229    1829.591797    1835.616455    1823.093750    1790.057617    0.000000    1790.057617    1823.033813    1835.518311    1829.474609    1806.866333    1769.656860    1719.809937    1659.288940    1590.057617    1514.079346    1433.317871    1349.736572    1265.299194    1181.968994    1101.709839    1026.485107    958.258362    898.993225    850.653198    815.201904    794.602783    790.819519    805.815613    841.554565    900.000000    
 900.000000    841.084656    805.025330    789.845093    793.567017    814.214233    849.809814    898.376770    957.938171    1026.517212    1102.136841    1182.820068    1266.590210    1351.470215    1435.483154    1516.651978    1593.000000    1662.550171    1723.325562    1773.349243    1810.644287    1833.233887    1839.140991    1826.388672    1793.000000    0.000000    1793.000000    1826.388672    1839.140991    1833.233887    1810.644287    1773.349243    1723.325562    1662.550171    1593.000000    1516.651978    1435.483154    1351.470215    1266.590210    1182.820068    1102.136841    1026.517212    957.938171    898.376770    849.809814    814.214233    793.567017    789.845093    805.025330    841.084656    900.000000    
 900.000000    841.353333    805.511292    790.501038    794.349548    815.084045    850.731506    899.318970    958.873657    1027.422607    1102.992798    1183.611328    1267.305420    1352.102051    1436.028198    1517.111206    1593.377930    1662.855591    1723.571045    1773.551636    1810.824341    1833.416260    1839.354492    1826.666016    1793.377930    0.000000    1793.377930    1826.788818    1839.555908    1833.656616    1811.068604    1773.769165    1723.735962    1662.946289    1593.377930    1517.008179    1435.814575    1351.774658    1266.865967    1183.065796    1102.351807    1026.701538    958.092346    898.501831    849.907410    814.286682    793.617065    789.876099    805.041260    841.090088    900.000000    
 900.000000    842.219543    807.014465    792.431458    796.517334    817.318909    852.882935    901.256226    960.485535    1028.617676    1103.699341    1183.777466    1266.898804    1351.109985    1434.458008    1514.989502    1590.751343    1659.790283    1720.153076    1769.886475    1807.037476    1829.652588    1835.778809    1823.462769    1790.751343    0.000000    1790.751343    1823.760376    1836.266846    1830.234985    1807.629028    1770.413452    1720.552368    1660.010254    1590.751343    1514.739990    1433.940430    1350.316895    1265.833984    1182.455688    1102.146484    1026.870605    958.592468    899.276245    850.886353    815.387024    794.742615    790.917358    805.875671    841.581787    900.000000    
 900.000000    843.663879    809.489319    795.559265    799.956787    820.764893    856.066406    903.944458    962.481934    1029.761841    1103.867188    1182.880981    1264.886108    1347.965576    1430.202393    1509.679565    1584.479980    1652.686768    1712.382690    1761.650879    1798.574341    1821.235962    1827.718872    1816.105835    1784.479980    0.000000    1784.479980    1816.614746    1828.553467    1822.231812    1799.585938    1762.551880    1713.065552    1653.062866    1584.479980    1509.252808    1429.317261    1346.609375    1263.065186    1180.620728    1101.211792    1026.774536    959.244873    900.558838    852.652344    817.461426    796.922058    792.970276    807.541992    842.573242    900.000000    
 900.000000    845.666687    812.890381    799.807495    804.554565    825.268005    860.084290    907.139832    964.571167    1030.514648    1103.106934    1180.484131    1260.783081    1342.140015    1422.691406    1500.573853    1573.923584    1640.877197    1699.571167    1748.141968    1784.725952    1807.459717    1814.479614    1803.921997    1773.923584    0.000000    1773.923584    1804.663452    1815.695190    1808.910156    1786.199463    1749.454346    1700.565796    1641.425171    1573.923584    1499.952148    1421.402100    1340.164551    1258.130737    1177.191772    1099.238892    1026.163208    959.855896    902.208130    855.111145    820.456055    800.134033    796.036194    810.053833    844.078064    900.000000    
 900.000000    848.208435    817.172119    805.098938    810.196899    830.674133    864.738525    910.598206    966.461060    1030.535156    1101.028564    1176.149170    1254.104980    1333.104126    1411.354614    1487.064209    1558.441284    1623.693604    1681.029297    1728.656250    1764.782471    1787.616211    1795.365234    1786.237549    1758.441284    0.000000    1758.441284    1787.216919    1796.971191    1789.532471    1766.729126    1730.390015    1682.343262    1624.417480    1558.441284    1486.243042    1409.651245    1330.494385    1250.600952    1171.799561    1095.918579    1024.786377    960.231750    904.082947    858.168579    824.317078    804.356934    800.116699    813.424805    846.109741    900.000000    
 900.000000    851.269592    822.288757    811.356018    816.769775    836.828430    869.830444    914.074219    967.858215    1029.480835    1097.240601    1169.435791    1244.364868    1320.326416    1395.618652    1468.540161    1537.389282    1600.464478    1656.064209    1702.486938    1738.030884    1760.994751    1769.676758    1762.375488    1737.389282    0.000000    1737.389282    1763.583130    1771.656982    1763.357422    1740.431152    1704.624512    1657.684326    1601.357056    1537.389282    1467.527588    1393.518433    1317.108643    1240.044556    1164.072876    1090.940063    1022.392822    960.177612    906.041077    861.729797    828.990295    809.569214    805.213013    817.668396    848.681885    900.000000    
 900.000000    854.830322    828.194580    818.501282    824.158875    843.575989    875.161011    917.322571    968.469116    1027.009155    1091.351318    1159.903931    1231.075684    1303.275024    1374.910400    1444.390503    1510.123657    1570.518433    1623.983398    1668.927124    1703.757935    1726.884521    1736.715332    1731.658813    1710.123657    0.000000    1710.123657    1733.069214    1739.027954    1729.644043    1706.561279    1671.423706    1625.875610    1571.560913    1510.123657    1443.207886    1372.457642    1299.516968    1226.029907    1153.640503    1083.992798    1018.730835    959.498718    907.940430    865.700073    834.421631    815.749146    811.326721    822.798340    851.808105    900.000000    
 900.000000    858.871094    834.843750    826.457031    832.250000    850.761719    880.531250    920.097656    968.000000    1022.777344    1082.968750    1147.113281    1213.750000    1281.417969    1348.656250    1414.003906    1476.000000    1533.183594    1584.093750    1627.269531    1661.250000    1684.574219    1695.781250    1693.410156    1676.000000    0.000000    1676.000000    1694.982422    1698.359375    1687.650391    1664.375000    1630.052734    1586.203125    1534.345703    1476.000000    1412.685547    1345.921875    1277.228516    1208.125000    1140.130859    1074.765625    1013.548828    958.000000    909.638672    869.984375    840.556641    822.875000    818.458984    828.828125    855.501953    900.000000    
 900.000000    863.373596    842.193787    835.151245    840.936829    858.241394    885.755737    922.170715    966.177063    1016.465637    1071.727295    1130.652710    1191.932861    1254.258545    1316.320557    1376.809570    1434.416626    1487.832397    1535.747803    1576.853516    1609.840454    1633.399414    1646.221191    1646.996704    1634.416626    0.000000    1634.416626    1648.675293    1648.973755    1636.683716    1613.176880    1579.825073    1537.999878    1489.073120    1434.416626    1375.401978    1313.401123    1249.785645    1185.927246    1123.197876    1062.969116    1006.612671    955.500427    911.004028    874.495239    847.345825    830.927490    826.612000    835.771118    859.776489    900.000000    
 900.000000    868.325500    850.215210    844.533569    850.144836    865.913330    890.703369    923.379333    962.805481    1007.846191    1057.365723    1110.228516    1165.298706    1221.440796    1277.519043    1332.397705    1384.941284    1434.013916    1478.479980    1517.203857    1549.049927    1572.882324    1587.565430    1591.963623    1584.941284    0.000000    1584.941284    1593.682373    1590.383667    1576.244995    1552.465942    1520.246338    1480.785889    1435.284302    1384.941284    1330.956665    1274.530029    1216.861206    1159.149780    1102.595703    1048.398560    997.758118    951.874084    911.946167    879.174194    854.757751    839.896606    835.790588    843.639282    864.642517    900.000000    
 900.000000    873.715576    858.881958    854.559143    859.807190    873.686279    895.256409    923.577759    957.710266    996.714111    1039.649414    1085.576050    1133.554321    1182.644287    1231.905884    1280.399414    1327.184692    1371.322021    1411.871338    1447.892700    1478.446411    1502.592407    1519.390625    1527.901367    1527.184692    0.000000    1527.184692    1529.583984    1522.149658    1505.884277    1481.790527    1450.871216    1414.128662    1372.565552    1327.184692    1278.988525    1228.979736    1178.161011    1127.534912    1078.104004    1030.870850    986.838379    947.008911    912.385193    883.969849    862.765442    849.774658    846.000122    852.444397    870.110168    900.000000    
 900.000000    879.532959    868.167786    865.183044    869.857361    881.469238    899.297302    922.620178    950.716370    982.864502    1018.343201    1056.430908    1096.406494    1137.548218    1179.134766    1220.444824    1260.756958    1299.349609    1335.501587    1368.491211    1397.597290    1422.098389    1441.272949    1454.399536    1460.756958    0.000000    1460.756958    1455.959839    1443.831299    1425.151001    1400.698486    1371.253174    1337.594849    1300.502930    1260.756958    1219.136597    1176.421265    1133.390747    1090.824341    1049.501831    1010.202698    973.706482    940.792725    912.241028    888.830994    871.342102    860.553955    857.246094    862.198120    876.189575    900.000000    
 900.000000    885.766296    878.045959    876.359375    880.226929    889.168884    902.705566    920.357422    941.644714    966.087769    993.206970    1022.522644    1053.555176    1085.824829    1118.851929    1152.156860    1185.260010    1217.681641    1248.942139    1278.561768    1306.061035    1330.960083    1352.779419    1371.039307    1385.260010    0.000000    1385.260010    1372.380981    1354.979614    1333.585327    1308.727905    1280.937012    1250.742310    1218.673340    1185.260010    1151.031860    1116.518433    1082.249512    1048.754761    1016.563904    986.206482    958.212219    933.110779    911.431824    893.704956    880.459900    872.226379    869.533936    872.912292    882.891052    900.000000    
 900.000000    892.403076    888.487000    888.037842    890.841370    896.683533    905.350220    916.627258    930.300659    946.156250    963.979919    983.557556    1004.675110    1027.118408    1050.673462    1075.125977    1100.261963    1125.867310    1151.727905    1177.629761    1203.358521    1228.700195    1253.440796    1277.366089    1300.261963    0.000000    1300.261963    1278.382324    1255.107178    1230.688477    1205.378418    1179.428589    1153.091309    1126.618408    1100.261963    1074.273804    1048.906006    1024.410522    1001.039368    979.044434    958.677795    940.191345    923.837097    909.867065    898.533142    890.087402    884.781799    882.868225    884.598816    890.225403    900.000000    
 